255
MIG
1
6 0
1 0 2 0 0 0
987135
MIG
1
6 0
1 0 2 0 3 0
65535
MIG
2
7 0
5 0 1 0 0 0 1 0 6 0 0 1
15
MIG
2
7 0
2 0 3 0 0 0 1 0 6 0 0 0
4095
MIG
2
7 1
2 1 3 1 0 0 1 1 6 0 0 1
197631
MIG
2
7 0
3 0 4 0 0 0 1 0 2 0 6 0
831
MIG
2
7 0
2 0 3 0 4 0 1 0 6 0 0 0
212991
MIG
2
7 0
3 0 4 0 1 0 2 0 1 0 6 0
1513471
MIG
2
7 0
3 0 4 0 5 0 1 0 2 0 6 0
16776960
MIG
3
8 1
1 0 2 0 0 0 1 1 6 0 0 1 2 1 6 0 7 0
4080
MIG
3
8 0
2 1 3 0 0 0 2 0 3 1 6 0 1 0 6 0 7 0
1044735
MIG
3
8 0
3 0 2 0 0 0 3 1 2 0 0 1 1 0 6 0 7 0
267448335
MIG
3
8 1
1 0 2 0 3 0 1 1 2 1 6 0 3 1 6 0 7 0
3982335
MIG
3
8 0
3 0 4 0 2 0 3 1 4 1 2 0 1 0 6 0 7 0
200703
MIG
3
8 0
3 0 1 0 0 0 4 0 3 0 6 0 2 0 1 0 7 0
199935
MIG
3
8 0
4 0 2 0 0 0 3 0 4 1 2 0 1 0 6 0 7 0
15615
MIG
3
8 0
3 1 4 0 0 0 2 0 3 0 4 1 1 0 6 0 7 0
1023
MIG
3
8 0
2 0 1 0 0 0 3 0 4 0 2 0 1 0 6 0 7 0
16383
MIG
3
8 0
4 0 1 0 0 0 2 0 3 0 4 1 1 0 6 0 7 0
197583
MIG
3
8 0
4 1 3 1 0 0 1 0 2 0 4 0 3 0 6 0 7 0
63
MIG
3
8 0
3 0 2 0 0 0 4 0 2 0 6 0 1 0 7 0 0 0
975
MIG
3
8 0
2 0 4 1 0 0 3 0 4 0 0 0 1 0 6 0 7 0
996351
MIG
3
8 0
3 0 2 0 0 0 4 0 2 0 0 1 1 0 6 0 7 0
249855
MIG
3
8 0
2 0 4 0 0 0 3 0 4 1 0 1 1 0 6 0 7 0
996159
MIG
3
8 1
1 1 4 0 0 0 2 1 3 1 0 1 4 1 6 0 7 0
3
MIG
3
8 0
1 0 4 0 0 0 2 0 3 0 4 1 6 0 7 0 0 0
60
MIG
3
8 0
1 0 3 0 4 0 2 0 3 1 4 1 6 0 7 0 0 0
460799
MIG
3
8 0
4 0 3 0 0 0 5 0 3 0 6 0 1 0 2 0 7 0
466943
MIG
3
8 0
4 0 3 0 1 0 5 0 3 0 6 0 2 0 1 0 7 0
1779711
MIG
3
8 0
3 0 5 0 2 0 4 0 5 1 2 0 1 0 6 0 7 0
434175
MIG
3
8 0
2 0 4 0 5 0 3 0 4 1 5 1 1 0 6 0 7 0
202751
MIG
3
8 0
5 0 1 0 0 0 3 0 4 0 6 0 2 0 1 0 7 0
202111
MIG
3
8 0
5 0 1 0 0 0 3 0 4 0 1 0 2 0 6 0 7 0
72639
MIG
3
8 0
4 0 5 0 0 0 2 0 3 0 5 1 1 0 6 0 7 0
6143
MIG
3
8 0
2 0 1 0 0 0 3 0 4 0 5 0 1 0 6 0 7 0
460663
MIG
3
8 0
4 0 5 1 0 0 1 0 2 0 3 0 5 0 6 0 7 0
98303
MIG
3
8 0
2 0 5 0 1 0 3 0 4 0 5 1 1 0 6 0 7 0
18556799
MIG
3
8 1
1 1 5 0 4 0 2 1 3 1 5 1 4 1 6 0 7 0
66047
MIG
3
8 0
3 0 4 0 5 1 5 0 6 0 0 0 1 0 2 0 7 0
73727
MIG
3
8 0
4 0 5 0 0 0 2 0 1 0 6 0 3 0 1 0 7 0
67583
MIG
3
8 0
4 0 5 0 1 0 3 0 6 0 0 0 2 0 1 0 7 0
383
MIG
3
8 0
3 0 4 0 2 0 5 0 2 0 6 0 1 0 7 0 0 0
202071
MIG
3
8 0
1 0 5 0 0 0 2 0 3 0 6 0 4 0 6 0 7 0
287
MIG
3
8 0
4 0 5 0 0 0 2 0 3 0 6 0 1 0 7 0 0 0
1919
MIG
3
8 1
4 1 5 1 0 0 2 1 3 1 6 0 1 1 7 0 0 1
66391
MIG
3
8 0
2 0 5 0 0 0 3 0 4 0 0 0 1 0 6 0 7 0
489343
MIG
3
8 0
2 0 3 0 0 0 4 0 5 0 0 1 1 0 6 0 7 0
23
MIG
3
8 0
1 0 2 0 0 0 3 0 4 0 5 0 6 0 7 0 0 0
67447
MIG
3
8 0
2 0 3 0 1 0 4 0 5 0 1 0 6 0 7 0 0 0
65835
MIG
3
8 0
1 0 2 0 5 0 3 0 4 0 5 1 6 0 7 0 0 0
212223
MIG
4
9 0
2 0 3 0 4 1 3 0 4 1 0 0 1 0 3 1 7 0 4 0 6 0 8 0
200691
MIG
4
9 0
1 0 2 1 3 1 2 0 3 1 0 0 4 0 2 0 7 0 3 0 6 0 8 0
4083
MIG
4
9 0
4 0 2 0 3 1 2 0 3 1 0 0 1 0 2 1 6 0 3 0 7 0 8 0
197571
MIG
4
9 0
1 0 3 0 4 1 3 1 4 1 0 0 2 0 3 0 6 0 4 0 7 0 8 0
1513279
MIG
4
9 0
2 0 3 0 4 0 2 0 6 0 0 0 5 0 3 0 4 0 1 0 7 0 8 0
464831
MIG
4
9 0
2 0 5 1 3 0 2 0 6 0 0 0 4 0 5 0 3 0 1 0 7 0 8 0
399359
MIG
4
9 0
2 0 4 1 5 1 2 0 6 0 0 0 3 0 4 0 5 0 1 0 7 0 8 0
197471
MIG
4
9 0
5 1 1 0 2 0 5 0 6 0 0 0 4 0 1 0 2 0 3 0 7 0 8 0
68287
MIG
4
9 0
4 1 5 0 2 0 4 0 6 0 0 0 3 0 5 1 2 0 1 0 7 0 8 0
6047
MIG
4
9 0
2 1 4 1 5 1 2 0 6 0 0 0 3 0 4 0 5 0 1 0 7 0 8 0
1665023
MIG
4
9 1
2 1 4 1 5 0 4 0 1 1 5 0 3 1 1 1 7 0 5 1 6 0 8 0
18524031
MIG
4
9 1
4 1 2 0 3 0 2 1 5 0 3 0 1 1 5 1 6 0 3 1 7 0 8 0
54313791
MIG
4
9 1
2 1 3 1 4 0 1 1 4 0 6 0 3 1 6 1 7 0 2 1 6 1 8 0
963
MIG
4
9 0
1 1 3 0 4 0 2 0 5 5 0 0 3 1 7 0 0 0 1 0 6 0 8 0
197580
MIG
4
9 0
1 1 4 1 2 0 3 0 2 1 6 0 4 0 7 0 0 0 1 0 6 0 8 0
3982140
MIG
4
9 0
3 0 4 0 2 0 1 0 5 5 0 0 4 1 6 0 7 0 3 1 6 0 8 0
249087
MIG
4
9 1
1 0 3 0 4 1 2 1 5 5 0 0 3 1 6 0 0 1 1 1 7 0 8 0
1020
MIG
4
9 0
2 1 3 1 4 0 1 0 4 1 6 0 3 0 6 0 0 0 2 0 7 0 8 0
261375
MIG
4
9 0
3 1 4 1 1 0 2 0 3 5 0 0 4 0 1 0 0 1 6 0 7 0 8 0
3997500
MIG
4
9 0
2 0 3 0 4 0 1 0 3 5 0 0 3 1 5 5 0 1 6 0 7 0 8 0
212175
MIG
4
9 0
4 1 2 0 3 0 1 0 4 0 6 0 2 1 5 5 0 0 6 0 7 0 8 0
828
MIG
4
9 0
2 0 3 1 4 1 1 0 2 1 6 0 3 0 4 0 6 0 7 0 8 0 0 0
197439
MIG
4
9 0
2 1 3 0 4 0 1 0 2 0 6 0 3 0 4 0 6 1 7 0 8 0 0 0
987120
MIG
4
9 0
1 0 2 0 3 0 1 1 3 1 6 0 6 0 7 0 0 0 2 1 6 0 8 0
1044495
MIG
4
9 0
2 1 1 1 3 1 2 0 5 4 0 0 6 0 7 0 0 1 1 0 7 0 8 0
462847
MIG
4
9 0
4 0 3 0 0 0 5 0 3 0 6 0 2 0 1 0 7 0 1 0 3 0 8 0
32767
MIG
4
9 0
2 0 1 0 0 0 4 0 1 0 6 0 3 0 5 1 7 0 5 0 1 0 8 0
81919
MIG
4
9 0
5 0 4 0 0 0 3 0 4 1 6 0 2 0 1 0 7 0 1 0 4 0 8 0
204799
MIG
4
9 0
5 0 1 0 0 0 4 0 1 1 6 0 2 0 3 1 7 0 3 0 1 0 8 0
8191
MIG
4
9 0
2 0 1 0 0 0 4 0 5 0 0 0 3 0 1 0 7 0 1 0 6 0 8 0
66135
MIG
4
9 0
2 0 5 0 0 0 3 0 4 0 0 0 1 0 5 0 7 0 5 1 6 0 8 0
511
MIG
4
9 0
2 0 1 0 0 0 4 0 5 0 0 0 3 0 1 1 7 0 1 0 6 0 8 0
66559
MIG
4
9 0
5 0 1 1 0 0 3 0 4 0 0 0 2 0 1 0 7 0 1 0 6 0 8 0
487551
MIG
4
9 0
2 0 3 0 0 0 4 0 5 0 0 1 1 0 3 0 7 0 3 1 6 0 8 0
2047
MIG
4
9 0
2 0 1 0 0 0 4 0 5 0 0 1 3 0 1 1 7 0 1 0 6 0 8 0
219135
MIG
4
9 1
5 1 1 0 0 0 3 1 4 1 0 1 2 1 1 1 7 0 1 1 6 0 8 0
76459
MIG
4
9 0
1 0 5 1 0 0 3 0 4 0 6 0 2 0 5 1 7 0 5 0 6 0 8 0
202239
MIG
4
9 0
5 0 2 1 0 0 3 0 4 0 6 0 1 0 2 0 7 0 2 0 6 0 8 0
72635
MIG
4
9 1
4 0 5 0 0 0 2 1 3 1 6 0 1 1 5 1 7 0 5 0 6 1 8 0
65967
MIG
4
9 0
4 0 5 0 0 0 1 0 2 0 6 0 3 0 5 0 0 0 5 1 7 0 8 0
1523479
MIG
4
9 1
5 1 2 0 0 0 3 1 4 1 6 0 1 1 2 0 0 1 2 1 7 0 8 0
997247
MIG
4
9 0
5 0 1 0 0 0 2 0 3 0 6 0 4 0 5 5 0 1 1 0 7 0 8 0
127
MIG
4
9 0
3 0 5 1 0 0 1 0 2 0 0 0 4 0 5 1 6 0 5 0 7 0 8 0
197463
MIG
4
9 0
5 0 2 0 0 0 3 0 4 0 0 0 1 0 2 1 6 0 2 0 7 0 8 0
218455
MIG
4
9 1
2 1 4 0 0 0 1 1 5 1 0 1 3 1 4 0 6 0 4 1 7 0 8 0
471871
MIG
4
9 1
5 1 4 1 0 0 2 1 3 1 0 1 1 1 4 0 6 0 4 1 7 0 8 0
197599
MIG
4
9 0
3 0 4 0 0 0 1 0 2 0 6 0 5 0 4 0 6 0 4 1 7 0 8 0
202079
MIG
4
9 0
5 0 1 0 0 0 2 0 3 0 6 0 4 0 1 1 6 0 1 0 7 0 8 0
474047
MIG
4
9 0
5 1 4 1 0 0 2 0 3 0 6 0 1 0 4 1 6 1 4 0 7 0 8 0
990143
MIG
4
9 0
5 1 1 0 0 0 2 0 3 0 6 0 4 0 1 1 6 1 1 0 7 0 8 0
69631
MIG
4
9 1
4 1 1 1 0 0 5 1 1 1 6 0 3 1 7 0 0 1 2 1 1 1 8 0
198655
MIG
4
9 1
5 1 2 1 0 0 4 1 2 0 6 0 3 1 7 0 0 1 1 1 2 1 8 0
198143
MIG
4
9 0
4 0 2 0 0 0 5 0 5 4 0 0 3 0 6 0 7 0 1 0 2 0 8 0
221183
MIG
4
9 1
4 1 1 1 0 0 5 1 1 1 0 1 3 1 6 0 7 0 2 1 1 1 8 0
989183
MIG
4
9 1
4 1 2 1 0 0 5 1 5 4 4 0 3 1 6 0 7 0 1 1 2 1 8 0
1045311
MIG
4
9 0
4 0 2 1 3 1 1 0 6 0 0 0 2 0 7 0 0 1 3 0 7 0 8 0
996303
MIG
4
9 1
1 1 4 0 2 0 3 1 6 0 0 0 4 1 6 0 0 1 2 1 7 0 8 0
16380
MIG
4
9 0
2 1 3 1 1 0 2 0 1 0 4 0 3 0 5 5 0 0 6 0 7 0 8 0
3982080
MIG
4
9 0
3 0 1 1 4 0 3 1 4 1 2 0 1 0 5 5 0 0 6 0 7 0 8 0
68607
MIG
4
9 0
1 0 5 0 3 0 4 0 5 1 3 0 6 0 7 0 0 0 2 0 1 0 8 0
1791
MIG
4
9 0
1 0 4 0 5 0 3 0 4 1 5 1 6 0 7 0 0 0 2 0 1 0 8 0
204255
MIG
4
9 0
2 0 3 0 4 1 1 0 4 1 0 0 5 0 1 0 7 0 4 0 6 0 8 0
18442111
MIG
4
9 0
2 0 3 0 5 0 4 1 5 0 6 0 1 0 4 0 7 0 5 1 7 0 8 0
31
MIG
4
9 0
4 0 5 0 2 1 1 0 2 1 6 0 3 0 1 0 7 0 2 0 8 0 0 0
76799
MIG
4
9 0
3 0 4 0 5 1 1 0 5 1 0 0 2 0 1 0 6 0 5 0 7 0 8 0
72091
MIG
4
9 0
2 0 3 0 4 1 5 1 4 1 0 0 1 0 5 0 6 0 4 0 7 0 8 0
464895
MIG
4
9 0
4 0 5 0 3 0 1 0 5 4 0 0 2 0 1 0 6 0 3 0 7 0 8 0
76479
MIG
4
9 0
3 0 4 0 1 0 5 0 5 3 0 0 2 0 5 1 6 0 1 0 7 0 8 0
2000895
MIG
4
9 1
4 1 5 1 2 0 3 0 2 0 6 0 1 1 3 1 6 1 2 1 7 0 8 0
464759
MIG
4
9 0
1 0 4 0 5 1 4 0 6 0 0 0 2 0 3 0 1 0 5 0 7 0 8 0
1513407
MIG
4
9 0
5 1 1 0 2 1 1 0 6 0 0 0 3 0 4 0 5 0 2 0 7 0 8 0
895
MIG
4
9 0
2 0 5 1 1 0 5 0 6 0 0 0 3 0 4 0 2 0 1 0 7 0 8 0
198519
MIG
4
9 0
1 0 5 1 4 1 5 0 6 0 0 0 2 0 3 0 1 0 4 0 7 0 8 0
6079
MIG
4
9 0
5 1 2 1 1 0 2 0 6 0 0 0 3 0 4 0 5 0 1 0 7 0 8 0
68271
MIG
4
9 0
5 0 4 1 1 1 4 0 6 0 0 0 2 0 3 0 5 1 1 0 7 0 8 0
66431
MIG
4
9 0
2 0 1 0 0 0 3 0 4 0 6 0 5 0 2 0 0 0 1 0 7 0 8 0
487807
MIG
4
9 1
3 0 1 0 0 0 4 1 5 1 6 0 2 1 4 4 4 0 1 1 7 0 8 0
463679
MIG
4
9 0
2 0 3 0 0 0 1 0 4 0 6 0 5 0 2 0 7 0 3 0 7 0 8 0
465855
MIG
4
9 0
1 0 5 1 0 0 2 0 3 0 6 0 4 0 1 0 7 0 5 0 7 0 8 0
465311
MIG
4
9 0
4 1 5 1 0 0 2 0 3 0 6 0 1 0 4 0 7 0 5 0 7 0 8 0
202667
MIG
4
9 0
5 0 2 1 0 0 3 0 4 0 6 0 1 0 5 1 6 0 2 0 7 0 8 0
472959
MIG
4
9 0
5 0 1 0 0 0 2 0 3 0 6 0 4 0 5 0 6 1 1 0 7 0 8 0
72703
MIG
4
9 0
4 0 5 0 0 0 3 0 1 0 5 0 2 0 1 0 6 0 5 1 7 0 8 0
1648255
MIG
4
9 0
3 0 4 1 0 0 1 0 5 1 4 1 2 0 5 0 6 0 4 0 7 0 8 0
202719
MIG
4
9 0
5 0 1 0 0 0 2 0 4 1 1 1 3 0 4 0 6 0 1 0 7 0 8 0
62979135
MIG
4
9 1
2 0 3 1 4 0 4 0 1 0 6 0 4 1 1 0 6 1 1 1 7 0 8 0
202175
MIG
4
9 0
5 0 2 0 1 0 5 1 2 0 0 0 3 0 4 0 1 0 6 0 7 0 8 0
77551
MIG
4
9 0
5 0 1 0 4 0 5 1 1 0 0 0 2 0 3 0 4 1 6 0 7 0 8 0
397311
MIG
4
9 0
4 1 5 0 1 0 4 0 4 2 0 0 2 0 3 0 1 0 6 0 7 0 8 0
394998
MIG
4
9 0
4 1 5 0 3 1 4 0 5 1 0 0 1 0 2 0 3 0 6 0 7 0 8 0
107387295
MIG
4
9 0
4 1 5 0 1 0 4 0 5 1 6 0 2 0 3 0 1 1 6 0 7 0 8 0
447
MIG
4
9 0
5 1 2 0 0 0 3 0 4 0 2 0 5 0 7 0 0 0 1 0 6 0 8 0
520703
MIG
4
9 0
3 0 2 0 0 0 4 0 5 0 2 0 3 1 7 0 0 1 1 0 6 0 8 0
2033
MIG
4
9 0
3 1 2 0 0 0 4 0 5 0 2 1 3 0 7 0 0 0 1 0 6 0 8 0
1012223
MIG
4
9 0
2 0 3 0 0 0 4 0 5 0 3 1 2 0 7 0 0 1 1 0 6 0 8 0
114687
MIG
4
9 0
5 0 4 0 0 0 2 0 3 0 4 1 5 1 7 0 0 1 1 0 6 0 8 0
460791
MIG
4
9 0
5 1 3 1 0 0 1 0 2 0 3 0 5 0 6 0 7 0 4 0 7 0 8 0
319
MIG
4
9 0
5 1 2 0 0 0 3 0 4 0 2 0 5 0 6 0 7 0 1 0 8 0 0 0
283
MIG
4
9 0
4 1 5 1 0 0 2 0 3 0 5 0 4 0 6 0 7 0 1 0 8 0 0 0
68539
MIG
4
9 0
1 0 5 1 0 0 2 0 3 0 1 0 4 0 5 4 0 0 6 0 7 0 8 0
472951
MIG
4
9 0
1 0 4 0 0 0 2 0 3 0 1 0 5 0 4 0 0 1 6 0 7 0 8 0
471039
MIG
4
9 0
1 0 5 1 0 0 2 0 3 0 1 0 4 0 5 4 0 1 6 0 7 0 8 0
65931
MIG
4
9 0
5 1 4 1 0 0 1 0 2 0 5 0 3 0 5 3 0 0 6 0 7 0 8 0
220639
MIG
4
9 1
4 1 1 1 0 0 2 1 3 1 4 0 5 1 1 1 0 1 6 0 7 0 8 0
18583007
MIG
4
9 1
5 0 4 1 0 0 2 1 3 1 5 1 0 1 4 0 1 0 6 0 7 0 8 0
7
MIG
4
9 0
2 0 3 0 0 0 4 0 5 0 2 0 1 0 3 1 7 0 6 0 8 0 0 0
1
MIG
4
9 0
4 0 5 0 0 0 2 0 3 0 4 1 1 0 5 1 7 0 6 0 8 0 0 0
464767
MIG
4
9 0
1 0 2 0 3 0 2 0 3 0 0 0 4 0 1 0 7 0 5 0 6 0 8 0
400383
MIG
4
9 0
5 0 4 0 2 0 4 1 2 0 0 0 3 0 5 1 7 0 1 0 6 0 8 0
465407
MIG
4
9 0
2 0 4 0 5 0 4 1 5 3 0 0 3 0 2 0 7 0 1 0 6 0 8 0
93183
MIG
4
9 0
5 1 3 0 4 0 3 1 5 2 0 0 2 0 5 0 7 0 1 0 6 0 8 0
1480703
MIG
4
9 0
3 0 4 0 5 0 4 1 5 1 6 0 2 0 3 1 7 0 1 0 6 0 8 0
18290559
MIG
4
9 1
3 0 4 0 5 0 4 1 5 1 6 0 1 1 3 1 7 0 2 1 6 1 8 0
198623
MIG
4
9 0
2 0 4 1 3 0 4 0 3 0 0 0 5 0 2 0 6 0 1 0 7 0 8 0
72191
MIG
4
9 0
2 0 4 1 5 1 4 0 5 3 0 0 3 0 2 0 6 0 1 0 7 0 8 0
249039
MIG
4
9 0
1 0 4 1 0 0 2 0 4 0 6 0 3 0 6 0 0 1 6 0 7 0 8 0
960
MIG
4
9 0
2 0 3 1 4 0 1 0 4 0 6 0 6 1 7 0 0 0 4 1 7 0 8 0
1048560
MIG
4
9 0
2 0 3 0 1 0 3 1 1 0 0 0 2 1 5 4 0 1 6 0 7 0 8 0
395007
MIG
4
9 1
4 0 5 0 0 0 3 1 4 1 5 1 6 0 7 0 0 1 0 1 2 1 8 0
1776639
MIG
4
9 1
3 1 5 1 0 0 5 0 4 0 0 1 4 1 6 0 7 0 1 1 2 1 8 0
473087
MIG
4
9 0
1 0 4 0 0 0 5 0 4 0 0 1 3 0 6 0 7 0 2 0 1 0 8 0
77823
MIG
4
9 0
5 1 1 0 0 0 4 0 5 0 1 0 2 0 3 0 1 0 6 0 7 0 8 0
202155
MIG
4
9 0
5 1 2 0 0 0 1 0 5 0 2 0 3 0 4 0 2 1 6 0 7 0 8 0
76463
MIG
4
9 0
1 0 5 1 0 0 4 0 1 0 5 0 2 0 3 0 5 1 6 0 7 0 8 0
464887
MIG
4
9 0
1 0 3 1 0 0 2 0 1 0 3 0 4 0 5 0 3 0 6 0 7 0 8 0
460727
MIG
4
9 0
5 0 3 0 0 0 4 0 5 1 3 1 1 0 2 0 3 0 6 0 7 0 8 0
94207
MIG
4
9 0
2 1 4 1 5 0 4 1 6 0 0 0 3 0 5 0 7 0 1 0 6 1 8 0
1779583
MIG
4
9 0
3 0 2 0 5 0 2 0 6 0 0 0 4 0 5 1 7 0 1 0 6 0 8 0
465919
MIG
4
9 0
4 1 5 1 2 1 5 1 6 0 0 0 3 0 2 0 7 0 1 0 6 1 8 0
399295
MIG
4
9 0
3 0 4 0 5 0 4 1 6 0 0 0 2 0 5 1 7 0 1 0 6 0 8 0
463743
MIG
4
9 0
5 1 4 1 2 1 4 0 6 0 0 0 3 0 2 0 7 0 1 0 6 1 8 0
66527
MIG
4
9 0
5 0 2 0 4 1 2 0 6 0 0 0 3 0 5 5 0 0 1 0 7 0 8 0
471935
MIG
4
9 1
5 1 4 1 2 1 4 1 6 0 0 0 3 1 2 1 0 1 1 1 7 0 8 0
215039
MIG
4
9 1
5 1 2 1 4 0 2 1 6 0 0 0 3 1 5 5 5 0 1 1 7 0 8 0
427
MIG
4
9 0
3 0 4 1 5 0 4 0 6 0 0 0 2 0 5 3 0 0 1 0 7 0 8 0
218623
MIG
4
9 0
3 0 4 1 2 0 4 0 6 0 0 0 5 0 2 0 0 1 1 0 7 0 8 0
109567
MIG
4
9 0
3 0 4 1 5 0 4 0 6 0 0 0 2 0 5 3 0 1 1 0 7 0 8 0
855
MIG
4
9 0
2 0 5 1 1 0 5 0 6 0 0 0 3 0 1 0 7 0 4 0 7 0 8 0
65963
MIG
4
9 0
3 0 4 1 5 0 4 0 6 0 0 0 1 0 5 1 7 0 2 0 7 0 8 0
463871
MIG
4
9 0
3 0 2 0 1 0 2 0 6 0 0 0 5 0 1 0 6 0 4 0 7 0 8 0
203775
MIG
4
9 0
5 1 3 0 4 0 3 0 6 0 0 0 2 0 4 0 6 1 1 0 7 0 8 0
67503
MIG
4
9 0
2 0 5 0 1 0 5 1 6 0 0 0 4 0 1 0 6 0 3 0 7 0 8 0
68079
MIG
4
9 0
3 0 4 1 5 0 4 0 6 0 0 0 2 0 5 1 6 0 1 0 7 0 8 0
66495
MIG
4
9 0
5 0 3 1 4 0 3 0 6 0 0 0 2 0 4 0 6 1 1 0 7 0 8 0
1983
MIG
4
9 0
5 1 2 1 3 1 2 0 6 0 0 0 4 0 3 0 6 1 1 0 7 0 8 0
72095
MIG
4
9 0
4 0 5 0 0 0 4 1 5 2 0 0 2 0 3 0 7 0 1 0 6 0 8 0
198527
MIG
4
9 0
2 0 1 0 3 0 5 0 2 0 3 0 1 0 7 0 0 0 4 0 6 0 8 0
200159
MIG
4
9 0
2 0 4 1 3 0 5 0 2 0 3 0 4 0 7 0 0 0 1 0 6 0 8 0
72447
MIG
4
9 0
3 0 5 1 2 0 4 0 3 1 2 0 5 0 7 0 0 0 1 0 6 0 8 0
201983
MIG
4
9 0
3 0 1 0 4 0 5 0 3 1 4 1 1 0 7 0 0 0 2 0 6 0 8 0
15839
MIG
4
9 0
2 0 4 1 3 0 5 0 2 1 3 1 4 0 7 0 0 0 1 0 6 0 8 0
1695
MIG
4
9 0
4 1 3 1 5 0 2 0 4 0 5 1 3 0 6 0 7 0 1 0 8 0 0 0
28671
MIG
4
9 0
2 1 4 1 5 0 3 0 6 0 0 0 4 1 5 0 7 0 1 0 6 1 8 0
204287
MIG
4
9 0
3 0 4 0 1 0 5 0 6 0 0 0 4 1 1 0 7 0 2 0 6 0 8 0
432639
MIG
4
9 0
2 0 4 0 5 0 3 0 6 0 0 0 4 1 5 1 7 0 1 0 6 0 8 0
65855
MIG
4
9 0
5 0 1 0 2 0 4 0 6 0 0 0 1 0 2 0 0 0 3 0 7 0 8 0
66143
MIG
4
9 0
4 0 5 1 2 0 3 0 6 0 0 0 5 0 2 0 0 0 1 0 7 0 8 0
983
MIG
4
9 0
5 0 3 1 4 1 2 0 6 0 0 0 3 0 5 5 0 0 1 0 7 0 8 0
488447
MIG
4
9 1
5 1 3 0 2 1 4 1 6 0 0 0 3 1 2 1 0 1 1 1 7 0 8 0
251903
MIG
4
9 1
5 1 3 0 4 0 2 1 6 0 0 0 3 1 5 5 5 0 1 1 7 0 8 0
201943
MIG
4
9 0
5 0 3 1 4 1 1 0 6 0 0 0 3 0 4 0 7 0 2 0 7 0 8 0
399263
MIG
4
9 0
3 0 4 1 5 1 2 0 6 0 0 0 4 0 5 0 6 0 1 0 7 0 8 0
246783
MIG
4
9 0
3 0 4 0 0 0 4 1 6 0 0 1 2 0 3 1 7 0 1 0 6 0 8 0
432543
MIG
4
9 0
2 0 3 0 0 0 4 0 5 0 6 0 1 1 4 1 5 1 1 0 7 0 8 0
197591
MIG
4
9 0
3 0 4 0 0 0 5 0 3 1 4 1 1 0 6 0 7 0 2 0 6 0 8 0
1513375
MIG
4
9 0
4 1 5 1 0 0 3 0 4 0 5 0 1 0 6 0 7 0 2 0 7 0 8 0
303
MIG
4
9 0
5 0 3 0 0 0 4 0 5 1 3 0 2 0 6 0 7 0 1 0 8 0 0 0
111
MIG
4
9 0
4 1 5 0 0 0 3 0 4 0 5 1 1 0 6 0 7 0 2 0 8 0 0 0
394854
MIG
4
9 0
4 1 5 0 0 0 1 0 2 0 3 0 4 0 5 0 7 0 5 1 6 0 8 0
66399
MIG
4
9 0
4 0 2 0 1 0 3 0 6 0 0 0 5 0 2 0 0 0 1 0 7 0 8 0
991
MIG
4
9 0
5 0 4 1 1 0 2 0 6 0 0 0 3 0 4 5 0 0 1 0 7 0 8 0
996223
MIG
4
9 1
5 1 1 1 2 0 3 1 6 0 0 0 4 1 1 1 0 1 2 1 7 0 8 0
110591
MIG
4
9 0
4 0 5 0 1 0 2 0 6 0 0 0 3 0 4 4 0 1 1 0 7 0 8 0
488319
MIG
4
9 1
5 1 3 0 1 0 4 1 6 0 0 0 2 1 4 5 5 0 1 1 7 0 8 0
398239
MIG
4
9 0
3 0 5 1 4 1 2 0 6 0 0 0 1 0 5 0 6 0 4 0 7 0 8 0
67519
MIG
4
9 0
5 0 4 0 1 0 3 0 6 0 0 0 2 0 4 0 6 1 1 0 7 0 8 0
76543
MIG
4
9 0
5 1 1 0 0 0 3 0 5 0 1 0 4 0 1 0 7 0 2 0 6 0 8 0
8183
MIG
4
9 0
2 0 3 1 0 0 4 0 2 1 3 0 5 0 3 0 7 0 1 0 6 0 8 0
81407
MIG
4
9 0
3 1 4 0 0 0 2 0 3 0 4 1 5 0 4 0 6 0 1 0 7 0 8 0
6063
MIG
4
9 0
5 1 2 0 0 0 4 0 5 4 0 0 3 0 5 0 7 0 1 0 6 0 8 0
216575
MIG
4
9 0
4 0 2 0 0 0 5 0 2 0 0 1 3 0 4 1 7 0 1 0 6 0 8 0
469759
MIG
4
9 0
1 0 5 1 0 0 4 0 5 4 0 1 3 0 1 0 7 0 2 0 6 0 8 0
105471
MIG
4
9 0
5 0 4 0 0 0 3 0 5 3 0 1 2 0 5 1 7 0 1 0 6 0 8 0
15871
MIG
4
9 1
3 1 4 0 0 0 5 1 4 0 6 0 2 1 3 1 7 0 1 1 6 1 8 0
198607
MIG
4
9 0
4 0 3 0 0 0 5 0 3 0 6 0 2 0 4 1 7 0 1 0 6 0 8 0
200191
MIG
4
9 1
2 0 4 0 0 0 5 1 4 0 6 0 3 1 2 1 7 0 1 1 6 1 8 0
72127
MIG
4
9 0
5 0 4 0 0 0 3 0 4 1 6 0 2 0 5 1 7 0 1 0 6 0 8 0
395247
MIG
4
9 0
4 1 5 0 0 0 2 0 5 1 6 0 3 0 4 0 6 0 1 0 7 0 8 0
1515391
MIG
4
9 0
4 0 5 1 0 0 2 0 5 0 6 0 3 0 4 0 6 1 1 0 7 0 8 0
863
MIG
4
9 0
4 0 1 0 2 0 5 0 2 0 0 0 3 0 6 0 7 0 1 0 8 0 0 0
27
MIG
4
9 0
3 0 2 1 5 1 4 0 5 3 0 0 1 0 6 0 7 0 2 0 8 0 0 0
7167
MIG
4
9 1
3 1 1 1 5 1 4 1 5 3 1 0 2 1 6 0 7 0 1 1 8 0 0 1
1572631
MIG
4
9 0
1 0 2 1 0 0 3 0 4 0 5 0 2 1 7 0 0 1 2 0 6 0 8 0
66475
MIG
4
9 0
5 1 1 0 0 0 3 0 4 0 0 0 2 0 5 0 1 0 6 0 7 0 8 0
489463
MIG
4
9 0
3 1 1 0 0 0 4 0 5 0 0 1 2 0 3 0 1 0 6 0 7 0 8 0
1009263
MIG
4
9 1
4 0 5 0 0 0 2 1 3 1 0 1 1 1 4 1 5 1 6 0 7 0 8 0
67175
MIG
4
9 1
4 0 5 0 0 0 2 1 3 1 6 0 1 1 4 1 5 1 7 0 8 0 0 1
202207
MIG
4
9 0
4 0 1 0 2 0 3 0 4 1 2 0 5 0 1 0 0 0 6 0 7 0 8 0
72699
MIG
4
9 0
3 1 5 1 1 0 2 0 3 0 1 0 4 0 4 2 0 0 6 0 7 0 8 0
430239
MIG
4
9 0
4 1 3 1 5 0 1 0 4 0 5 1 2 0 3 0 0 0 6 0 7 0 8 0
411
MIG
4
9 0
4 0 5 1 1 0 3 0 4 1 1 0 2 0 5 0 7 0 6 0 8 0 0 0
1655
MIG
4
9 0
4 0 1 0 5 0 3 0 4 1 5 1 2 0 1 0 7 0 6 0 8 0 0 0
282
MIG
4
9 0
2 0 5 0 3 0 4 0 2 1 3 1 1 0 5 1 7 0 6 0 8 0 0 0
317
MIG
4
9 0
3 1 1 0 4 1 2 0 3 0 4 0 5 0 1 0 6 0 7 0 8 0 0 0
461823
MIG
4
9 0
5 0 2 0 0 0 4 0 5 1 2 1 3 0 6 0 7 0 1 0 2 0 8 0
198007
MIG
4
9 0
4 0 2 0 0 0 3 0 2 0 1 0 5 0 1 0 0 0 6 0 7 0 8 0
219103
MIG
4
9 0
5 0 1 0 0 0 2 0 1 0 4 0 3 0 5 5 0 1 6 0 7 0 8 0
66119
MIG
4
9 0
2 0 5 0 0 0 1 0 5 1 4 1 3 0 5 2 0 0 6 0 7 0 8 0
18592251
MIG
4
9 0
1 0 3 1 0 0 2 0 3 0 5 0 4 0 5 1 0 1 6 0 7 0 8 0
66511
MIG
4
9 1
5 1 1 1 0 0 2 1 1 1 4 1 3 1 4 0 6 0 7 0 8 0 0 1
431
MIG
4
9 0
4 0 5 0 0 0 3 0 5 1 1 0 2 0 1 0 6 0 7 0 8 0 0 0
67575
MIG
4
9 1
4 1 3 0 0 0 2 1 3 1 1 1 5 1 1 1 6 0 7 0 8 0 0 1
25
MIG
4
9 0
3 0 4 1 0 0 1 0 4 0 5 1 2 0 5 0 6 0 7 0 8 0 0 0
66139
MIG
4
9 1
4 1 3 0 0 0 1 1 3 1 5 1 2 1 5 0 6 0 7 0 8 0 0 1
199923
MIG
4
9 0
2 1 4 1 0 0 1 0 3 1 6 0 4 0 3 0 6 0 2 0 7 0 8 0
6120
MIG
4
9 0
3 0 4 0 5 0 1 0 2 0 6 0 6 1 7 0 0 0 2 1 7 0 8 0
218495
MIG
4
9 1
5 0 1 1 0 0 3 1 4 1 1 1 2 1 7 0 0 1 5 1 6 0 8 0
1012095
MIG
4
9 1
2 0 3 1 0 0 4 1 5 1 3 0 1 1 7 0 0 1 2 1 6 0 8 0
212163
MIG
4
9 0
2 1 3 1 4 1 1 0 6 0 0 0 2 0 3 0 7 0 4 0 7 0 8 0
1044480
MIG
4
9 0
1 0 2 1 0 0 1 1 3 0 0 0 2 0 5 4 0 1 6 0 7 0 8 0
69375
MIG
4
9 0
4 1 5 1 3 0 3 0 2 0 6 0 2 0 6 4 1 0 1 0 7 0 8 0
7935
MIG
4
9 0
4 0 5 0 2 0 2 0 3 1 6 0 3 0 6 4 0 0 1 0 7 0 8 0
23685503
MIG
4
9 1
3 0 4 0 5 0 1 1 2 1 6 0 3 1 4 1 7 0 5 1 7 0 8 0
1566975
MIG
4
9 0
3 0 4 0 5 0 2 0 6 0 0 0 6 1 7 0 0 1 1 0 7 0 8 0
394871
MIG
4
9 0
4 0 5 1 0 0 3 0 4 1 6 0 1 0 2 0 7 0 5 0 6 0 8 0
489335
MIG
4
9 1
4 1 5 1 0 0 2 0 3 0 1 0 1 1 7 0 0 1 6 0 7 1 8 0
1911
MIG
4
9 1
2 1 3 1 0 0 4 1 5 1 1 1 1 1 7 0 0 1 6 0 8 0 0 1
246735
MIG
4
9 0
3 0 4 0 0 0 2 0 4 5 0 1 1 0 6 0 7 0 4 1 6 0 8 0
998655
MIG
4
9 0
4 0 3 1 0 0 1 0 4 1 6 0 2 0 6 0 0 1 3 0 7 0 8 0
2039
MIG
4
9 1
4 1 5 1 0 0 3 1 6 0 0 1 2 1 5 4 4 0 1 1 7 0 8 0
15567
MIG
4
9 0
2 1 1 1 3 1 2 0 3 0 4 1 4 0 6 0 0 0 1 0 7 0 8 0
246015
MIG
4
9 1
3 0 4 0 2 1 2 1 6 0 0 0 6 1 7 0 0 1 1 1 7 0 8 0
67569
MIG
4
9 0
1 0 3 0 2 0 4 0 5 0 2 1 6 0 7 0 0 0 3 1 6 0 8 0
66303
MIG
4
9 0
3 0 5 0 1 0 4 0 5 1 2 0 6 0 7 0 0 0 1 0 2 0 8 0
4194051
MIG
4
9 0
2 1 1 0 0 0 3 0 4 0 1 1 6 0 7 0 0 1 2 0 6 0 8 0
460783
MIG
4
9 0
4 1 5 1 3 1 3 1 6 0 0 0 1 0 2 0 6 1 3 0 7 0 8 0
65935
MIG
4
9 0
4 1 5 1 3 0 3 1 6 0 0 0 1 0 2 0 6 1 3 0 7 0 8 0
463711
MIG
4
9 0
4 0 1 0 2 0 5 0 1 0 3 0 2 0 3 0 0 0 6 0 7 0 8 0
72671
MIG
4
9 0
2 0 1 0 4 0 3 0 1 0 5 0 4 1 5 2 0 0 6 0 7 0 8 0
76783
MIG
4
9 0
3 0 4 1 5 0 2 0 4 0 1 0 5 1 1 0 0 0 6 0 7 0 8 0
1582206
MIG
4
9 0
1 0 5 1 4 1 2 0 5 0 3 0 4 0 3 1 0 0 6 0 7 0 8 0
281
MIG
4
9 0
1 0 4 0 5 1 2 0 4 1 3 1 5 0 3 0 7 0 6 0 8 0 0 0
54525120
MIG
4
9 1
2 0 3 0 4 0 1 0 6 0 0 0 6 1 7 0 0 1 1 1 7 0 8 0
198247
MIG
4
9 0
1 0 5 1 4 1 5 0 6 0 0 0 2 0 3 0 6 0 4 0 7 0 8 0
68543
MIG
4
9 0
5 0 4 1 1 1 4 0 6 0 0 0 2 0 3 0 6 1 1 0 7 0 8 0
1632255
MIG
4
9 0
3 0 4 1 5 0 2 0 5 0 6 0 2 0 5 1 6 1 1 0 7 0 8 0
198515
MIG
4
9 0
5 1 2 0 3 0 4 0 6 0 0 0 1 0 2 0 3 0 6 1 7 0 8 0
198647
MIG
4
9 0
2 0 3 0 1 0 4 0 6 0 0 0 5 0 3 1 1 0 6 0 7 0 8 0
6
MIG
4
9 0
1 0 4 0 5 0 3 0 6 0 0 0 2 0 4 1 5 1 7 0 8 0 0 0
1523543
MIG
4
9 1
5 1 2 0 0 0 1 1 6 0 0 1 3 1 4 1 6 0 2 1 7 0 8 0
202687
MIG
4
9 1
5 0 1 0 0 0 2 1 6 0 0 1 3 1 4 1 6 1 1 1 7 0 8 0
474111
MIG
4
9 1
5 1 4 1 0 0 4 1 2 1 6 0 3 1 2 1 6 1 1 1 7 0 8 0
225279
MIG
4
9 1
5 1 3 1 0 0 3 1 4 0 6 0 2 1 4 1 6 1 1 1 7 0 8 0
3947580
MIG
4
9 0
3 1 4 0 0 0 1 0 2 0 0 1 3 0 6 0 7 0 4 1 6 0 8 0
3947583
MIG
4
9 1
3 0 4 0 0 0 1 1 2 1 6 0 3 1 7 0 0 1 4 1 7 0 8 0
68267
MIG
4
9 0
1 0 5 1 0 0 4 0 5 0 0 0 2 0 3 0 5 1 6 0 7 0 8 0
2062111
MIG
4
9 1
1 1 2 1 0 0 3 1 2 1 0 1 4 1 5 1 2 0 6 0 7 0 8 0
989047
MIG
4
9 0
4 0 1 0 0 0 5 0 5 4 0 1 2 0 3 0 1 0 6 0 7 0 8 0
2031
MIG
4
9 0
4 0 5 0 3 0 3 0 6 0 0 0 2 0 6 4 0 0 1 0 7 0 8 0
102399
MIG
4
9 1
4 0 5 0 3 1 3 1 6 0 0 0 2 1 6 4 0 1 1 1 7 0 8 0
399
MIG
4
9 0
4 0 5 0 3 1 3 0 6 0 0 0 2 0 6 4 0 0 1 0 7 0 8 0
2023935
MIG
4
9 1
4 0 5 0 0 0 1 1 3 1 6 0 3 0 2 0 6 1 2 1 7 0 8 0
19745663
MIG
4
9 0
1 0 3 1 5 1 5 0 4 0 6 0 2 0 4 1 6 0 3 0 7 0 8 0
495
MIG
4
9 0
4 1 5 1 1 0 2 0 6 0 0 0 3 0 6 4 1 0 1 0 7 0 8 0
67471
MIG
4
9 0
4 0 5 0 1 0 3 0 6 0 0 0 2 0 6 1 7 0 1 0 7 0 8 0
67567
MIG
4
9 0
4 0 5 0 2 1 3 0 6 0 0 0 1 0 6 1 7 0 2 0 7 0 8 0
8177
MIG
4
9 0
2 1 3 0 0 0 4 0 5 0 1 1 2 0 3 1 7 0 1 0 6 0 8 0
472063
MIG
4
9 1
3 0 2 0 0 0 5 1 6 0 0 0 4 1 2 1 7 0 1 1 6 1 8 0
215007
MIG
4
9 0
3 0 4 0 0 0 5 0 6 0 0 1 2 0 4 1 7 0 1 0 6 0 8 0
198015
MIG
4
9 1
4 0 2 0 0 0 5 1 6 0 0 1 3 1 2 1 7 0 1 1 6 1 8 0
1777599
MIG
4
9 0
4 0 5 0 0 0 3 0 6 0 0 1 2 0 5 1 6 0 1 0 7 0 8 0
198591
MIG
4
9 1
5 1 4 1 0 0 3 1 6 0 0 1 2 1 4 1 6 1 1 1 7 0 8 0
245967
MIG
4
9 0
4 0 3 0 0 0 1 0 4 5 0 0 2 0 5 5 0 1 6 0 7 0 8 0
1638
MIG
4
9 0
4 0 1 0 5 0 2 0 3 0 1 0 4 1 5 1 7 0 6 0 8 0 0 0
218463
MIG
4
9 0
5 0 1 0 0 0 4 0 1 0 0 1 2 0 6 0 7 0 3 0 6 0 8 0
469679
MIG
4
9 0
1 0 5 1 0 0 4 0 5 0 0 1 2 0 6 0 7 0 3 0 6 0 8 0
67215
MIG
4
9 0
2 0 4 1 5 0 3 0 5 1 6 0 1 0 4 0 6 0 7 0 8 0 0 0
66111
MIG
4
9 0
5 1 3 0 4 1 2 0 4 0 6 0 1 0 3 0 6 1 7 0 8 0 0 0
110163615
MIG
4
9 0
4 0 5 0 2 1 4 1 5 1 3 0 1 0 2 0 3 1 6 0 7 0 8 0
66031
MIG
4
9 0
4 0 5 0 0 0 1 0 2 0 6 0 3 1 6 4 0 0 3 0 7 0 8 0
69359
MIG
4
9 1
4 0 5 0 0 0 2 1 3 1 6 0 1 0 6 4 0 1 1 1 7 0 8 0
6908415
MIG
4
9 1
3 0 4 0 5 0 4 1 5 1 6 0 3 1 6 0 7 0 1 1 2 1 8 0
1648191
MIG
4
9 0
3 0 4 1 0 0 1 0 5 1 6 0 2 0 5 0 6 0 4 0 7 0 8 0
990207
MIG
4
9 0
5 1 1 0 0 0 3 0 2 0 6 0 4 0 2 0 6 1 1 0 7 0 8 0
126975
MIG
4
9 0
4 1 5 0 0 0 2 0 5 0 6 0 3 0 5 1 6 1 1 0 7 0 8 0
495615
MIG
4
9 0
4 0 5 1 0 0 2 0 5 0 6 0 3 0 5 1 6 1 1 0 7 0 8 0
3947775
MIG
4
9 1
3 0 4 0 0 0 3 1 5 5 0 0 6 0 7 0 0 1 1 1 2 1 8 0
68351
MIG
4
9 0
3 1 2 1 5 0 4 0 5 0 6 0 2 0 7 0 0 0 1 0 6 1 8 0
72383
MIG
4
9 0
2 0 5 1 3 0 4 0 3 1 6 0 5 0 7 0 0 0 1 0 6 0 8 0
214359
MIG
4
9 0
2 0 4 0 0 0 1 0 5 0 0 0 3 0 5 2 0 1 6 0 7 0 8 0
487543
MIG
4
9 0
1 0 3 1 0 0 4 0 5 0 0 1 2 0 3 0 0 0 6 0 7 0 8 0
487799
MIG
4
9 1
2 1 3 0 0 0 4 1 5 1 6 0 1 1 3 1 6 0 7 0 8 0 0 1
65839
MIG
4
9 0
5 0 4 0 0 0 1 0 2 0 6 0 3 0 4 0 6 1 7 0 8 0 0 0
67839
MIG
4
9 0
4 1 5 1 2 0 3 0 2 0 6 0 2 0 6 4 1 0 1 0 7 0 8 0
32511
MIG
4
9 0
3 1 4 1 5 0 2 0 5 0 6 0 5 1 6 3 1 0 1 0 7 0 8 0
6399
MIG
4
9 0
3 0 4 1 5 0 2 0 5 1 6 0 5 0 6 3 0 0 1 0 7 0 8 0
462591
MIG
4
9 0
4 1 5 1 2 1 3 0 2 0 6 0 2 0 6 4 1 0 1 0 7 0 8 0
202077
MIG
4
9 0
2 0 4 0 1 0 5 0 1 0 0 0 3 0 4 1 1 1 6 0 7 0 8 0
487679
MIG
4
9 0
3 0 2 0 0 0 4 0 5 0 0 1 3 1 2 0 7 0 1 0 6 0 8 0
1648383
MIG
4
9 0
5 1 2 0 4 0 3 0 4 1 0 0 5 0 2 0 7 0 1 0 6 0 8 0
54509820
MIG
4
9 1
1 0 3 0 0 0 1 1 4 0 0 1 2 1 3 1 4 1 6 0 7 0 8 0
15555
MIG
4
9 0
2 1 3 0 4 0 2 0 4 1 6 0 3 1 6 0 7 0 1 0 8 0 0 0
30
MIG
4
9 0
4 1 5 1 2 0 1 0 3 1 6 0 2 0 3 0 6 1 7 0 8 0 0 0
401139735
MIG
4
9 1
3 0 4 0 5 0 1 0 2 0 6 0 2 1 6 1 7 0 1 1 7 0 8 0
66911235
MIG
4
9 1
3 0 4 0 0 0 1 0 2 0 6 0 2 1 6 1 7 0 1 1 7 0 8 0
24
MIG
4
9 0
3 0 4 1 5 0 2 0 5 0 6 0 1 0 5 1 6 1 7 0 8 0 0 0
126
MIG
4
9 0
3 1 4 1 5 0 2 0 5 1 6 0 1 0 5 0 6 1 7 0 8 0 0 0
